12
10
0.001
50000
      0     600     700     800     900     820     740     660     580     500     420       0 
    200       0       0       0       0       0       0       0       0       0       0       0 
    300       0       0       0       0       0       0       0       0       0       0       0 
    400       0       0       0       0       0       0       0       0       0       0       0 
    500       0       0       0       0       0       0       0       0       0       0       0 
    600       0       0       0       0       0       0       0       0       0       0       0 
    700       0       0       0       0       0       0       0       0       0       0       0 
    800       0       0       0       0       0       0       0       0       0       0       0 
    900       0       0       0       0       0       0       0       0       0       0       0 
      0       0       0       0       0       0       0       0       0       0       0       0 
